
% ----> Output proving that the Johnson Scheme is 
fusion-primitive for n>2k+1 where k<11. For 10<k<21, we use the technique of isolating fusions to prove that the Johnson scheme is fusion-primitive.

gap> Read("HanakisFunctions2013a.txt");
─────────────────────────────────────────────────────────────────────────────────────────────────────────────────────

gap> Read("ia.txt");

##################################

gap> FusionsJohnson(4);
[ [ 1 ], [ 2 ], [ 3 ], [ 4 ], [ 5 ] ]   [ [ 1 ], [ 2, 3, 4 ], [ 5 ] ]   [ [ 1 ], [ 2, 3, 4, 5 ] ]   
[ [ 1 ], [ 2, 4 ], [ 3 ], [ 5 ] ]   [ [ 1, 2, 3, 4, 5 ] ]   [ [ 1, 5 ], [ 2, 3, 4 ] ]   [ [ 1, 5 ], [ 2, 4 ], [ 3 ] 
 ]   8
[ [ [ 1 ], [ 2 ], [ 3 ], [ 4 ], [ 5 ] ], [ [ 1 ], [ 2, 3, 4 ], [ 5 ] ], [ [ 1 ], [ 2, 3, 4, 5 ] ], 
  [ [ 1 ], [ 2, 4 ], [ 3 ], [ 5 ] ], [ [ 1, 2, 3, 4, 5 ] ], [ [ 1, 5 ], [ 2, 3, 4 ] ], [ [ 1, 5 ], [ 2, 4 ], [ 3 ] ] ]
 
  [ [ 1 ], [ 2 ], [ 3 ], [ 4 ], [ 5 ] ]   [ [ 1 ], [ 2, 3, 4, 5 ] ]   [ [ 1 ], [ 2, 5 ], [ 3, 4 ] ]   
[ [ 1, 2, 3, 4, 5 ] ]   9
[ [ [ 1 ], [ 2 ], [ 3 ], [ 4 ], [ 5 ] ], [ [ 1 ], [ 2, 3, 4, 5 ] ], [ [ 1 ], [ 2, 5 ], [ 3, 4 ] ], 
  [ [ 1, 2, 3, 4, 5 ] ] ]
 
  [ [ 1 ], [ 2 ], [ 3 ], [ 4 ], [ 5 ] ]   [ [ 1 ], [ 2, 3, 4, 5 ] ]   [ [ 1 ], [ 2, 4 ], [ 3, 5 ] ]   
[ [ 1, 2, 3, 4, 5 ] ]   12
[ [ [ 1 ], [ 2 ], [ 3 ], [ 4 ], [ 5 ] ], [ [ 1 ], [ 2, 3, 4, 5 ] ], [ [ 1 ], [ 2, 4 ], [ 3, 5 ] ], 
  [ [ 1, 2, 3, 4, 5 ] ] ]
 
 #########################

gap> FusionsJohnson(5);
[ [ 1 ], [ 2 ], [ 3 ], [ 4 ], [ 5 ], [ 6 ] ]   [ [ 1 ], [ 2, 3, 4, 5 ], [ 6 ] ]   [ [ 1 ], [ 2, 3, 4, 5, 6 ] ]   
[ [ 1 ], [ 2, 5 ], [ 3, 4 ], [ 6 ] ]   [ [ 1, 2, 3, 4, 5, 6 ] ]   [ [ 1, 6 ], [ 2, 3, 4, 5 ] ]   
[ [ 1, 6 ], [ 2, 5 ], [ 3, 4 ] ]   10
[ [ [ 1 ], [ 2 ], [ 3 ], [ 4 ], [ 5 ], [ 6 ] ], [ [ 1 ], [ 2, 3, 4, 5 ], [ 6 ] ], [ [ 1 ], [ 2, 3, 4, 5, 6 ] ], 
  [ [ 1 ], [ 2, 5 ], [ 3, 4 ], [ 6 ] ], [ [ 1, 2, 3, 4, 5, 6 ] ], [ [ 1, 6 ], [ 2, 3, 4, 5 ] ], 
  [ [ 1, 6 ], [ 2, 5 ], [ 3, 4 ] ] ]
 
  [ [ 1 ], [ 2 ], [ 3 ], [ 4 ], [ 5 ], [ 6 ] ]   [ [ 1 ], [ 2, 3, 4, 5, 6 ] ]   [ [ 1 ], [ 2, 6 ], [ 3, 5 ], [ 4 ] 
 ]   [ [ 1, 2, 3, 4, 5, 6 ] ]   11
[ [ [ 1 ], [ 2 ], [ 3 ], [ 4 ], [ 5 ], [ 6 ] ], [ [ 1 ], [ 2, 3, 4, 5, 6 ] ], [ [ 1 ], [ 2, 6 ], [ 3, 5 ], [ 4 ] ], 
  [ [ 1, 2, 3, 4, 5, 6 ] ] ]
 
######################
gap> FusionsJohnson(6);
[ [ 1 ], [ 2 ], [ 3 ], [ 4 ], [ 5 ], [ 6 ], [ 7 ] ]   [ [ 1 ], [ 2, 3, 4, 5, 6 ], [ 7 ] ]   
[ [ 1 ], [ 2, 3, 4, 5, 6, 7 ] ]   [ [ 1 ], [ 2, 6 ], [ 3, 5 ], [ 4 ], [ 7 ] ]   [ [ 1, 2, 3, 4, 5, 6, 7 ] ]   
[ [ 1, 7 ], [ 2, 3, 4, 5, 6 ] ]   [ [ 1, 7 ], [ 2, 6 ], [ 3, 5 ], [ 4 ] ]   12

 
  [ [ 1 ], [ 2 ], [ 3 ], [ 4 ], [ 5 ], [ 6 ], [ 7 ] ]   [ [ 1 ], [ 2, 3, 4, 5, 6, 7 ] ]   
[ [ 1 ], [ 2, 3, 5 ], [ 4, 6, 7 ] ]   [ [ 1 ], [ 2, 7 ], [ 3, 6 ], [ 4, 5 ] ]   [ [ 1, 2, 3, 4, 5, 6, 7 ] ]   13

 #################################

gap> FusionsJohnson(7);
14
[ [ [ 1 ], [ 2 ], [ 3 ], [ 4 ], [ 5 ], [ 6 ], [ 7 ], [ 8 ] ], [ [ 1 ], [ 2, 3, 4, 5, 6, 7 ], [ 8 ] ], 
  [ [ 1 ], [ 2, 3, 4, 5, 6, 7, 8 ] ], [ [ 1 ], [ 2, 3, 5 ], [ 4, 6, 7 ], [ 8 ] ], 
  [ [ 1 ], [ 2, 7 ], [ 3, 6 ], [ 4, 5 ], [ 8 ] ], [ [ 1, 2, 3, 4, 5, 6, 7, 8 ] ], [ [ 1, 8 ], [ 2, 3, 4, 5, 6, 7 ] ], 
  [ [ 1, 8 ], [ 2, 7 ], [ 3, 6 ], [ 4, 5 ] ] ]8
 
  15
[ [ [ 1 ], [ 2 ], [ 3 ], [ 4 ], [ 5 ], [ 6 ], [ 7 ], [ 8 ] ], [ [ 1 ], [ 2, 3, 4, 5, 6, 7, 8 ] ], 
  [ [ 1 ], [ 2, 8 ], [ 3, 7 ], [ 4, 6 ], [ 5 ] ], [ [ 1, 2, 3, 4, 5, 6, 7, 8 ] ] ]4
 
  [ [ [ 1 ], [ 2 ], [ 3 ], [ 4 ], [ 5 ], [ 6 ], [ 7 ], [ 8 ] ], [ [ 1 ], [ 2, 3, 4, 5, 6, 7, 8 ] ], 
  [ [ 1, 2, 3, 4, 5, 6, 7, 8 ] ] ]

########################################33

gap> FusionsJohnson(8);
16
[ [ [ 1 ], [ 2 ], [ 3 ], [ 4 ], [ 5 ], [ 6 ], [ 7 ], [ 8 ], [ 9 ] ], [ [ 1 ], [ 2, 3, 4, 5, 6, 7, 8 ], [ 9 ] ],
  [ [ 1 ], [ 2, 3, 4, 5, 6, 7, 8, 9 ] ], [ [ 1 ], [ 2, 8 ], [ 3, 7 ], [ 4, 6 ], [ 5 ], [ 9 ] ],
  [ [ 1, 2, 3, 4, 5, 6, 7, 8, 9 ] ], [ [ 1, 9 ], [ 2, 3, 4, 5, 6, 7, 8 ] ],
  [ [ 1, 9 ], [ 2, 8 ], [ 3, 7 ], [ 4, 6 ], [ 5 ] ] ]7

  17
[ [ [ 1 ], [ 2 ], [ 3 ], [ 4 ], [ 5 ], [ 6 ], [ 7 ], [ 8 ], [ 9 ] ], [ [ 1 ], [ 2, 3, 4, 5, 6, 7, 8, 9 ] ],
  [ [ 1 ], [ 2, 9 ], [ 3, 8 ], [ 4, 7 ], [ 5, 6 ] ], [ [ 1, 2, 3, 4, 5, 6, 7, 8, 9 ] ] ]4

  [ [ [ 1 ], [ 2 ], [ 3 ], [ 4 ], [ 5 ], [ 6 ], [ 7 ], [ 8 ], [ 9 ] ], [ [ 1 ], [ 2, 3, 4, 5, 6, 7, 8, 9 ] ],
  [ [ 1, 2, 3, 4, 5, 6, 7, 8, 9 ] ] ]
########################################################

gap> FusionsJohnson(9);
18
[ [ [ 1 ], [ 2 ], [ 3 ], [ 4 ], [ 5 ], [ 6 ], [ 7 ], [ 8 ], [ 9 ], [ 10 ] ],
  [ [ 1 ], [ 2, 3, 4, 5, 6, 7, 8, 9 ], [ 10 ] ], [ [ 1 ], [ 2, 3, 4, 5, 6, 7, 8, 9, 10 ] ],
  [ [ 1 ], [ 2, 9 ], [ 3, 8 ], [ 4, 7 ], [ 5, 6 ], [ 10 ] ], [ [ 1, 2, 3, 4, 5, 6, 7, 8, 9, 10 ] ],
  [ [ 1, 10 ], [ 2, 3, 4, 5, 6, 7, 8, 9 ] ], [ [ 1, 10 ], [ 2, 9 ], [ 3, 8 ], [ 4, 7 ], [ 5, 6 ] ] ]7

  19
[ [ [ 1 ], [ 2 ], [ 3 ], [ 4 ], [ 5 ], [ 6 ], [ 7 ], [ 8 ], [ 9 ], [ 10 ] ], [ [ 1 ], [ 2, 3, 4, 5, 6, 7, 8, 9, 10 ] ]
    , [ [ 1 ], [ 2, 10 ], [ 3, 9 ], [ 4, 8 ], [ 5, 7 ], [ 6 ] ], [ [ 1, 2, 3, 4, 5, 6, 7, 8, 9, 10 ] ] ]4

gap>FusionsJohnson(10);
20
[ [ [ 1 ], [ 2 ], [ 3 ], [ 4 ], [ 5 ], [ 6 ], [ 7 ], [ 8 ], [ 9 ], [ 10 ], [ 11 ] ], [ [ 1 ], [ 2, 3, 4, 5, 6, 7, 8, 9, 10 ], [ 11 ] ],
  [ [ 1 ], [ 2, 3, 4, 5, 6, 7, 8, 9, 10, 11 ] ], [ [ 1 ], [ 2, 10 ], [ 3, 9 ], [ 4, 8 ], [ 5, 7 ], [ 11 ] ]

  21
[ [ [ 1 ], [ 2 ], [ 3 ], [ 4 ], [ 5 ], [ 6 ], [ 7 ], [ 8 ], [ 9 ], [ 10 ], [ 11 ] ], [ [ 1 ], [ 2, 3, 4, 5, 6, 7, 8, 9, 10, 11 ] ],
  [ [ 1 ], [ 2, 11 ], [ 3, 10 ], [ 4, 9 ], [ 5, 8 ], [ 6, 7] ], [ [ 1, 2, 3, 4, 5, 6, 7, 8, 9, 10, 11 ] ] ]5